theta2
0.279
0.080
0.011
0.372
0.107
0.148
0.023
0.308
0.396
0.097
0.345
0.385
0.067
0.277
0.002
0.142
0.025
0.298
0.223
0.014
0.290
0.336
0.278
0.273
0.297
0.225
0.097
0.362
0.059
0.219
0.093
0.030
0.142
0.160
0.164
0.387
0.089
0.283
0.377
0.377
0.331
0.024
0.311
0.075
0.278
0.300
0.242
0.130
0.302
0.194
0.058
0.025
0.015
0.365
0.025
0.125
0.066
0.075
0.206
0.091
0.311
0.264
0.049
0.254
0.239
0.396
0.079
0.239
0.360
0.019
0.007
0.049
0.024
0.299
0.374
0.269
0.088
0.015
0.156
0.018
0.245
0.062
0.161
0.161
0.079
0.311
0.137
0.306
0.087
0.137
0.020
0.357
0.113
0.379
0.157
0.005
0.159
0.061
0.298
0.017
0.352
0.364
0.151
0.289
0.147
0.121
0.120
0.272
0.235
0.260
0.123
0.399
0.397
0.039
0.110
0.324
0.399
0.201
0.380
0.134
0.044
0.266
0.361
0.029
0.224
0.325
0.097
0.195
0.173
0.136
0.175
0.124
0.126
0.068
0.015
0.129
0.371
0.307
0.204
0.315
0.005
0.346
0.004
0.029
0.338
0.375
0.137
0.371
0.128
0.273
0.205
0.014
0.132
0.073
0.261
0.159
0.387
0.118
0.148
0.236
0.336
0.026
0.209
0.114
0.371
0.131
0.038
0.055
0.324
0.006
0.106
0.096
0.100
0.272
0.127
0.322
0.359
0.228
0.102
0.142
0.057
0.374
0.188
0.206
0.195
0.346
0.071
0.384
0.388
0.025
0.126
0.125
0.320
0.065
0.167
0.127
0.130
0.356
0.390
0.049
0.177
0.082
0.170
0.001
0.127
0.376
0.304
0.243
0.279
0.328
0.392
0.327
0.107
0.001
0.246
0.134
0.037
0.058
0.122
0.166
0.064
0.066
0.083
0.336
0.152
0.089
0.035
0.012
0.081
0.293
0.058
0.362
0.315
0.154
0.015
0.243
0.165
0.128
0.392
0.065
0.070
0.058
0.165
0.131
0.052
0.201
0.169
0.212
0.085
0.222
0.089
0.252
0.076
0.130
0.280
0.006
0.155
0.222
0.384
0.022
0.117
0.042
0.027
0.132
0.342
0.044
0.293
0.277
0.331
0.250
0.233
0.248
0.003
0.332
0.341
0.121
0.059
0.284
0.256
0.161
0.128
0.053
0.327
0.203
0.013
0.366
0.171
0.061
0.342
0.024
0.128
0.246
0.265
0.378
0.361
0.245
0.161
0.068
0.202
0.054
0.012
0.288
0.370
0.246
0.147
0.282
0.070
0.277
0.043
0.395
0.008
0.322
0.378
0.164
0.365
0.136
0.066
0.015
0.192
0.035
0.125
0.162
0.355
0.176
0.239
0.260
0.033
0.031
0.318
0.034
0.228
0.176
0.156
0.162
0.010
0.303
0.290
0.203
0.028
0.084
0.250
0.291
0.168
0.112
0.069
0.068
0.051
0.351
0.367
0.041
0.323
0.375
0.352
0.095
0.317
0.126
0.315
0.297
0.165
0.235
0.095
0.081
0.044
0.146
0.167
0.256
0.138
0.070
0.377
0.233
0.021
0.186
0.272
0.073
0.231
0.095
0.067
0.140
0.113
0.233
0.118
0.357
0.081
0.114
0.037
0.394
0.312
0.159
0.148
0.144
0.124
0.111
0.223
0.171
0.012
0.038
0.097
0.212
0.347
0.344
0.057
0.388
0.065
0.291
0.319
0.087
0.261
0.190
0.089
0.231
0.022
0.337
0.367
0.231
0.241
0.257
0.353
0.334
0.024
0.283
0.135
0.134
0.324
0.359
0.051
0.241
0.141
0.329
0.285
0.271
0.386
0.381
0.043
0.203
0.013
0.389
0.165
0.187
0.355
0.084
0.395
0.263
0.267
0.346
0.350
0.043
0.319
0.125
0.080
0.023
0.159
0.394
0.041
0.092
0.150
0.385
0.139
0.064
0.037
0.022
0.250
0.058
0.034
0.108
0.364
0.221
0.101
0.176
0.151
0.057
0.321
0.082
0.082
0.369
0.366
0.350
0.124
0.333
0.299
0.026
0.127
0.028
0.330
0.165
0.021
0.087
0.369
0.257
0.218
0.346
0.268
0.048
0.221
0.127
0.395
0.002
0.017
0.030
0.069
0.108
0.090
0.266
0.169
0.223
0.293
0.037
0.199
0.344
0.130
0.147
0.301
0.088
0.089
0.292
0.076
0.324
0.115
0.140
0.064
0.311
0.158
0.000
0.093
0.007
0.060
0.090
0.011
0.359
0.297
0.068
0.289
0.354
0.241
0.372
0.084
0.069
0.223
0.331
0.237
0.253
0.310
0.381
0.227
0.049
0.337
0.071
0.097
0.223
0.016
0.387
0.122
0.109
0.056
0.072
0.093
0.306
0.360
0.127
0.052
0.075
0.001
0.114
0.347
0.095
0.341
0.285
0.394
0.124
0.081
0.206
0.249
0.011
0.225
0.192
0.210
0.168
0.300
0.133
0.219
0.055
0.348
0.375
0.296
0.340
0.058
0.034
0.152
0.141
0.241
0.264
0.193
0.338
0.194
0.390
0.281
0.247
0.288
0.370
0.102
0.022
0.158
0.045
0.314
0.176
0.205
0.284
0.230
0.053
0.244
0.121
0.010
0.141
0.382
0.014
0.216
0.175
0.376
0.009
0.049
0.054
0.020
0.002
0.128
0.008
0.138
0.373
0.346
0.018
0.107
0.388
0.359
0.043
0.332
0.279
0.127
0.389
0.266
0.139
0.215
0.018
0.156
0.045
0.080
0.300
0.392
0.065
0.305
0.156
0.081
0.325
0.196
0.132
0.012
0.068
0.008
0.285
0.093
0.102
0.073
0.071
0.248
0.135
0.347
0.326
0.174
0.221
0.391
0.157
0.249
0.085
0.295
0.093
0.147
0.188
0.329
0.013
0.285
0.379
0.164
0.356
0.127
0.222
0.046
0.382
0.059
0.234
0.190
0.093
0.331
0.100
0.285
0.205
0.078
0.291
0.044
0.117
0.202
0.367
0.111
0.180
0.296
0.380
0.056
0.091
0.222
0.229
0.186
0.112
0.379
0.127
0.242
0.258
0.212
0.318
0.150
0.204
0.246
0.063
0.126
0.226
0.171
0.224
0.045
0.159
0.270
0.074
0.373
0.137
0.117
0.174
0.051
0.196
0.142
0.203
0.010
0.277
0.149
0.113
0.180
0.096
0.324
0.201
0.194
0.105
0.041
0.329
0.029
0.390
0.340
0.267
0.273
0.024
0.325
0.388
0.046
0.297
0.256
0.256
0.337
0.248
0.340
0.235
0.090
0.065
0.258
0.160
0.197
0.262
0.056
0.040
0.089
0.294
0.303
0.089
0.259
0.172
0.092
0.254
0.334
0.148
0.080
0.297
0.085
0.371
0.121
0.106
0.066
0.064
0.038
0.109
0.363
0.306
0.272
0.104
0.192
0.009
0.229
0.005
0.047
0.365
0.064
0.290
0.282
0.042
0.036
0.068
0.004
0.309
0.388
0.340
0.039
0.375
0.205
0.023
0.253
0.160
0.124
0.239
0.361
0.231
0.365
0.175
0.151
0.322
0.189
0.360
0.387
0.194
0.273
0.075
0.063
0.290
0.153
0.209
0.292
0.328
0.237
0.014
0.260
0.339
0.262
0.285
0.385
0.081
0.009
0.205
0.066
0.330
0.126
0.308
0.161
0.333
0.089
0.345
0.111
0.094
0.259
0.392
0.375
0.271
0.151
0.205
0.069
0.013
0.167
0.091
0.049
0.182
0.362
0.162
0.235
0.280
0.062
0.257
0.099
0.032
0.186
0.074
0.029
0.355
0.226
0.258
0.209
0.225
0.397
0.071
0.049
0.105
0.211
0.227
0.070
0.266
0.327
0.001
0.102
0.166
0.062
0.139
0.085
0.206
0.182
0.020
0.193
0.044
0.210
0.349
0.284
0.272
0.310
0.170
0.063
0.230
0.249
0.053
0.123
0.112
0.051
0.139
0.129
0.202
0.138
0.356
0.103
0.119
0.229
0.333
0.106
0.368
0.156
0.120
0.199
0.370
0.329
0.199
0.181
0.188
0.041
0.177
0.214
0.236
0.196
0.319
0.245
0.304
0.291
0.094
0.163
0.116
0.258
0.163
0.019
0.321
0.330
0.271
0.110
0.214
0.143
0.297
0.255
0.386
0.375
0.107
0.320
0.180
0.152
0.078
0.196
0.001
0.006
0.022
0.386
0.061
0.034
0.315
0.351
0.205
0.193
0.357
0.080
0.089
0.243
0.093
0.350
0.044
0.067
0.032
0.284
0.143
0.141
0.392
0.016
0.207
0.313
0.203
0.003
0.372
0.109
0.200
0.361
0.143
0.007
0.214
0.190
0.117
0.255
0.355
0.051
0.063
0.196
0.159
0.367
0.146
0.366
0.010
0.361
0.124
0.048
0.196
0.384
0.370
0.092
0.012
0.338
0.096
0.111
0.009
0.126
0.016
0.069
0.055
0.043
0.217
0.375
0.287
0.084
0.225
0.129
0.002
0.041
0.393
0.260
0.284
0.022
0.222
0.207
0.128
0.380
0.379
0.133
0.361
0.271
0.223
0.295
0.018
0.373
0.192
0.004
0.365
0.307
0.198
0.247
0.182
0.322
0.164
0.233
0.208
0.096
0.232
0.126
0.124
0.035
0.065
0.378
0.096
0.054
0.114
0.028
0.195
0.129
0.288
0.097
0.103
0.183
0.198
0.214
0.240
0.291
0.338
0.124
0.243
0.223
0.313
0.226
0.046
0.019
0.097
0.252
0.051
0.170
0.186
0.324
0.321
0.154
0.261
0.163
0.196
0.268
0.134
0.259
0.048
0.061
0.288
0.372
0.393
0.166
0.263
0.093
0.211
0.336
0.135
0.250
0.053
0.274
0.042
0.078
0.114
0.153
0.364
0.231
0.371
0.299
0.173
0.255
0.397
0.132
0.058
0.135
0.242
0.048
0.094
0.210
0.134
0.361
0.062
0.053
0.255
0.220
0.151
0.258
0.071
0.036
0.099
0.199
0.332
0.141
0.038
0.023
0.149
0.086
0.084
0.243
0.032
0.052
0.023
0.384
0.098
0.332
0.154
0.064
0.192
0.084
0.063
0.034
0.319
0.172
0.243
0.121
0.209
0.204
0.163
0.104
0.225
0.319
0.353
0.309
0.358
0.382
0.239
0.366
0.010
0.046
0.061
0.377
0.110
0.019
0.197
0.350
0.109
0.323
0.275
0.199
0.092
0.331
0.005
0.138
0.230
0.034
0.184
0.140
0.194
0.311
0.352
0.384
0.331
0.179
0.380
0.104
0.071
0.043
0.113
0.250
0.378
0.001
0.132
0.042
0.115
0.254
0.000
0.383
0.361
0.323
0.066
0.396
0.086
0.035
0.351
0.338
0.061
0.157
0.132
0.302
0.354
0.343
0.087
0.287
0.084
0.253
0.102
0.389
0.080
0.272
0.360
0.123
0.096
0.133
0.123
0.004
0.005
0.223
0.106
0.348
0.311
0.099
0.090
0.260
0.020
0.127
0.201
0.242
0.209
0.218
0.317
0.267
0.055
0.089
0.382
0.396
0.218
0.374
0.074
0.132
0.197
0.073
0.278
0.013
0.261
0.208
0.283
0.300
0.279
0.340
0.276
0.233
0.305
0.099
0.331
0.223
0.117
0.303
0.322
0.196
0.160
0.218
0.014
0.124
0.147
0.309
0.080
0.265
0.013
0.152
0.114
0.036
0.278
0.098
0.312
0.095
0.198
0.154
0.022
0.168
0.038
0.286
0.235
0.084
0.016
0.123
0.257
0.038
0.280
0.183
0.195
0.025
0.166
0.034
0.048
0.035
0.072
0.327
0.367
0.034
0.114
0.384
0.106
0.089
0.382
0.107
0.103
0.115
0.158
0.114
0.330
0.261
0.320
0.101
0.332
0.221
0.000
0.041
0.029
0.190
0.275
0.271
0.279
0.038
0.066
0.052
0.170
0.190
0.073
0.357
0.063
0.050
0.074
0.327
0.285
0.357
0.071
0.271
0.020
0.207
0.011
0.182
0.207
0.210
0.370
0.021
0.220
0.257
0.166
0.030
0.369
0.143
0.319
0.301
0.046
0.175
0.025
0.017
0.312
0.131
0.006
0.087
0.111
0.265
0.248
0.202
0.238
0.274
0.139
0.350
0.287
0.215
0.184
0.295
0.233
0.246
0.344
0.334
0.075
0.202
0.141
0.313
0.314
0.219
0.232
0.130
0.296
0.159
0.180
0.020
0.317
0.238
0.277
0.393
0.348
0.111
0.057
0.371
0.087
0.129
0.031
0.008
0.337
0.124
0.043
0.269
0.258
0.326
0.162
0.261
0.039
0.204
0.000
0.060
0.183
0.038
0.311
0.209
0.286
0.083
0.135
0.181
0.342
0.002
0.200
0.281
0.374
0.168
0.166
0.380
0.190
0.021
0.144
0.220
0.264
0.265
0.226
0.262
0.350
0.251
0.083
0.107
0.078
0.052
0.053
0.240
0.341
0.379
0.269
0.040
0.174
0.073
0.364
0.371
0.113
0.022
0.120
0.017
0.156
0.261
0.100
0.042
0.293
0.069
0.074
0.061
0.244
0.102
0.017
0.103
0.365
0.053
0.225
0.055
0.368
0.268
0.068
0.117
0.192
0.370
0.280
0.240
