theta2
0.038
0.288
0.275
0.091
0.141
0.324
0.113
0.060
0.088
0.250
0.250
0.002
0.324
0.330
0.326
0.331
0.130
0.339
0.182
0.183
0.063
0.197
0.006
0.073
0.211
0.028
0.285
0.098
0.057
0.346
0.368
0.267
0.261
0.326
0.195
0.111
0.161
0.258
0.291
0.057
0.214
0.303
0.271
0.186
0.117
0.204
0.124
0.354
0.342
0.257
0.029
0.065
0.156
0.049
0.130
0.009
0.066
0.175
0.024
0.065
0.388
0.213
0.242
0.095
0.135
0.184
0.250
0.068
0.237
0.091
0.076
0.090
0.254
0.050
0.356
0.111
0.286
0.121
0.228
0.153
0.314
0.092
0.140
0.129
0.025
0.211
0.038
0.052
0.344
0.249
0.029
0.161
0.029
0.297
0.158
0.289
0.064
0.017
0.098
0.361
0.385
0.160
0.353
0.088
0.107
0.275
0.386
0.047
0.059
0.206
0.254
0.095
0.324
0.337
0.231
0.056
0.083
0.053
0.224
0.133
0.147
0.125
0.324
0.255
0.291
0.246
0.108
0.088
0.088
0.236
0.239
0.376
0.304
0.223
0.107
0.301
0.094
0.241
0.152
0.394
0.156
0.274
0.093
0.386
0.380
0.003
0.390
0.352
0.197
0.159
0.100
0.192
0.102
0.231
0.124
0.328
0.282
0.289
0.315
0.336
0.284
0.012
0.041
0.232
0.088
0.196
0.051
0.389
0.246
0.013
0.016
0.092
0.211
0.020
0.326
0.121
0.045
0.277
0.371
0.308
0.397
0.293
0.093
0.137
0.213
0.311
0.023
0.116
0.214
0.122
0.377
0.340
0.308
0.327
0.370
0.051
0.092
0.390
0.307
0.168
0.163
0.304
0.322
0.128
0.146
0.159
0.002
0.359
0.206
0.356
0.098
0.014
0.139
0.332
0.353
0.014
0.021
0.259
0.358
0.068
0.060
0.203
0.337
0.214
0.290
0.310
0.122
0.154
0.383
0.396
0.150
0.318
0.354
0.355
0.073
0.190
0.271
0.339
0.179
0.055
0.177
0.015
0.233
0.020
0.361
0.206
0.026
0.143
0.111
0.172
0.136
0.206
0.086
0.032
0.247
0.359
0.117
0.326
0.012
0.312
0.385
0.002
0.064
0.127
0.288
0.205
0.187
0.019
0.228
0.039
0.282
0.123
0.358
0.324
0.049
0.378
0.388
0.105
0.050
0.030
0.146
0.235
0.355
0.151
0.287
0.217
0.138
0.062
0.283
0.080
0.340
0.146
0.103
0.033
0.083
0.094
0.119
0.128
0.198
0.201
0.361
0.215
0.196
0.296
0.229
0.018
0.024
0.324
0.180
0.026
0.030
0.233
0.199
0.285
0.183
0.025
0.317
0.083
0.321
0.146
0.011
0.015
0.221
0.106
0.056
0.005
0.374
0.303
0.011
0.094
0.081
0.110
0.227
0.008
0.149
0.351
0.255
0.074
0.146
0.384
0.106
0.336
0.010
0.275
0.025
0.041
0.085
0.318
0.228
0.354
0.158
0.324
0.089
0.211
0.286
0.117
0.144
0.220
0.063
0.333
0.056
0.385
0.055
0.078
0.199
0.187
0.094
0.228
0.071
0.167
0.004
0.341
0.027
0.138
0.052
0.313
0.229
0.399
0.193
0.158
0.094
0.183
0.253
0.022
0.131
0.270
0.124
0.392
0.342
0.241
0.245
0.035
0.271
0.057
0.097
0.197
0.015
0.120
0.103
0.122
0.339
0.217
0.221
0.187
0.083
0.375
0.055
0.168
0.023
0.014
0.386
0.118
0.055
0.326
0.191
0.294
0.293
0.177
0.330
0.069
0.075
0.198
0.046
0.071
0.296
0.202
0.114
0.160
0.050
0.200
0.009
0.049
0.155
0.260
0.304
0.061
0.392
0.291
0.387
0.257
0.006
0.096
0.171
0.103
0.150
0.231
0.238
0.190
0.188
0.166
0.329
0.323
0.173
0.352
0.353
0.178
0.140
0.134
0.074
0.075
0.177
0.045
0.370
0.245
0.122
0.390
0.126
0.106
0.006
0.008
0.132
0.084
0.393
0.307
0.242
0.035
0.300
0.286
0.019
0.188
0.055
0.301
0.059
0.155
0.273
0.205
0.059
0.289
0.278
0.067
0.037
0.100
0.102
0.058
0.243
0.013
0.368
0.236
0.157
0.138
0.136
0.231
0.029
0.179
0.153
0.298
0.180
0.053
0.103
0.032
0.072
0.230
0.069
0.119
0.244
0.293
0.086
0.237
0.350
0.328
0.317
0.031
0.398
0.182
0.018
0.172
0.033
0.023
0.265
0.229
0.329
0.365
0.239
0.111
0.073
0.319
0.161
0.201
0.039
0.038
0.179
0.116
0.341
0.088
0.085
0.252
0.138
0.351
0.108
0.396
0.041
0.098
0.313
0.199
0.060
0.225
0.322
0.390
0.374
0.296
0.395
0.202
0.182
0.021
0.213
0.089
0.183
0.326
0.291
0.121
0.397
0.147
0.316
0.233
0.235
0.327
0.324
0.036
0.245
0.138
0.268
0.241
0.390
0.009
0.396
0.008
0.183
0.016
0.268
0.352
0.081
0.355
0.127
0.220
0.108
0.066
0.044
0.035
0.145
0.099
0.034
0.186
0.131
0.141
0.140
0.308
0.058
0.133
0.302
0.006
0.184
0.005
0.187
0.335
0.104
0.340
0.370
0.123
0.218
0.087
0.382
0.153
0.184
0.342
0.266
0.103
0.219
0.344
0.361
0.203
0.141
0.224
0.226
0.153
0.264
0.028
0.381
0.181
0.066
0.144
0.226
0.249
0.117
0.335
0.112
0.232
0.169
0.127
0.094
0.029
0.327
0.104
0.026
0.042
0.370
0.254
0.208
0.078
0.171
0.193
0.292
0.018
0.063
0.137
0.067
0.094
0.335
0.178
0.303
0.377
0.253
0.305
0.255
0.277
0.109
0.042
0.021
0.222
0.173
0.220
0.224
0.234
0.020
0.307
0.302
0.289
0.062
0.313
0.228
0.120
0.135
0.255
0.227
0.098
0.097
0.202
0.144
0.350
0.085
0.007
0.205
0.139
0.154
0.009
0.188
0.149
0.303
0.332
0.199
0.273
0.194
0.085
0.347
0.085
0.010
0.179
0.305
0.178
0.119
0.138
0.357
0.253
0.331
0.072
0.176
0.139
0.277
0.030
0.225
0.043
0.156
0.311
0.089
0.021
0.312
0.157
0.001
0.368
0.260
0.197
0.306
0.053
0.281
0.024
0.259
0.324
0.080
0.304
0.106
0.250
0.225
0.122
0.365
0.180
0.143
0.014
0.096
0.277
0.007
0.045
0.001
0.060
0.354
0.267
0.390
0.011
0.018
0.304
0.021
0.230
0.113
0.124
0.125
0.171
0.049
0.279
0.291
0.066
0.155
0.263
0.025
0.194
0.001
0.399
0.100
0.213
0.184
0.153
0.203
0.256
0.202
0.262
0.079
0.086
0.050
0.120
0.037
0.337
0.028
0.354
0.013
0.124
0.278
0.306
0.328
0.269
0.114
0.130
0.044
0.180
0.147
0.060
0.010
0.348
0.049
0.305
0.070
0.339
0.023
0.247
0.153
0.035
0.175
0.198
0.207
0.033
0.306
0.248
0.378
0.355
0.179
0.062
0.128
0.242
0.394
0.352
0.051
0.354
0.366
0.155
0.144
0.090
0.171
0.207
0.015
0.364
0.383
0.252
0.187
0.323
0.090
0.157
0.352
0.104
0.047
0.292
0.299
0.189
0.041
0.053
0.334
0.202
0.125
0.055
0.166
0.378
0.226
0.008
0.333
0.313
0.021
0.023
0.030
0.351
0.140
0.173
0.072
0.070
0.138
0.135
0.316
0.054
0.087
0.117
0.226
0.201
0.053
0.281
0.172
0.147
0.021
0.071
0.370
0.338
0.029
0.256
0.227
0.320
0.092
0.196
0.237
0.027
0.112
0.330
0.041
0.309
0.318
0.003
0.158
0.204
0.080
0.248
0.128
0.151
0.091
0.155
0.018
0.352
0.390
0.106
0.071
0.077
0.274
0.334
0.008
0.020
0.092
0.177
0.042
0.064
0.384
0.179
0.076
0.031
0.216
0.088
0.221
0.080
0.392
0.021
0.238
0.280
0.026
0.101
0.016
0.382
0.248
0.162
0.101
0.162
0.198
0.168
0.264
0.120
0.259
0.206
0.015
0.281
0.018
0.061
0.214
0.189
0.047
0.320
0.388
0.200
0.256
0.040
0.155
0.267
0.290
0.088
0.366
0.161
0.031
0.104
0.034
0.359
0.114
0.069
0.287
0.380
0.223
0.025
0.324
0.256
0.184
0.364
0.203
0.110
0.179
0.172
0.388
0.270
0.178
0.386
0.051
0.271
0.055
0.075
0.068
0.150
0.209
0.386
0.077
0.063
0.259
0.207
0.195
0.314
0.105
0.096
0.213
0.208
0.294
0.279
0.118
0.146
0.315
0.397
0.130
0.039
0.235
0.343
0.278
0.123
0.094
0.295
0.102
0.025
0.110
0.354
0.355
0.311
0.212
0.366
0.259
0.224
0.267
0.149
0.203
0.129
0.258
0.119
0.061
0.062
0.035
0.288
0.327
0.384
0.065
0.067
0.303
0.204
0.001
0.215
0.274
0.024
0.111
0.245
0.232
0.135
0.284
0.065
0.386
0.028
0.376
0.240
0.013
0.212
0.086
0.120
0.184
0.109
0.023
0.083
0.394
0.393
0.128
0.137
0.356
0.047
0.309
0.242
0.024
0.154
0.344
0.002
0.084
0.352
0.121
0.144
0.130
0.309
0.288
0.382
0.361
0.217
0.011
0.276
0.049
0.278
0.330
0.085
0.037
0.052
0.270
0.216
0.153
0.102
0.186
0.380
0.133
0.339
0.122
0.215
0.066
0.111
0.313
0.367
0.171
0.067
0.008
0.146
0.205
0.287
0.028
0.214
0.213
0.042
0.232
0.201
0.186
0.348
0.042
0.242
0.265
0.243
0.090
0.047
0.192
0.316
0.201
0.071
0.009
0.248
0.361
0.177
0.056
0.326
0.336
0.101
0.307
0.106
0.135
0.269
0.123
0.195
0.018
0.083
0.280
0.342
0.122
0.285
0.035
0.054
0.317
0.090
0.012
0.075
0.035
0.314
0.097
0.362
0.308
0.325
0.350
0.227
0.204
0.222
0.362
0.008
0.084
0.333
0.321
0.036
0.062
0.319
0.033
0.034
0.228
0.027
0.044
0.193
0.102
0.250
0.065
0.018
0.101
0.259
0.291
0.059
0.300
0.314
0.230
0.000
0.358
0.084
0.278
0.360
0.112
0.062
0.369
0.242
0.303
0.099
0.072
0.324
0.372
0.166
0.367
0.110
0.299
0.356
0.281
0.389
0.209
0.228
0.184
0.206
0.291
0.094
0.008
0.287
0.047
0.087
0.037
0.028
0.109
0.360
0.096
0.222
0.343
0.138
0.073
0.095
0.299
0.030
0.254
0.284
0.191
0.118
0.167
0.313
0.112
0.366
0.217
0.204
0.069
0.100
0.023
0.343
0.222
0.135
0.132
0.020
0.051
0.075
0.183
0.066
0.082
0.100
0.228
0.350
0.294
0.090
0.383
0.240
0.242
0.026
0.193
0.309
0.037
0.206
0.370
0.153
0.291
0.099
0.107
0.005
0.246
0.164
0.102
0.081
0.126
0.051
0.260
0.348
0.183
0.251
0.062
0.208
0.045
0.275
0.001
0.380
0.245
0.107
0.357
0.118
0.161
0.298
0.371
0.054
0.059
0.161
0.181
0.019
0.111
0.029
0.233
0.115
0.355
0.045
0.095
0.365
0.011
0.227
0.377
0.046
0.354
0.154
0.274
0.362
0.217
0.069
0.231
0.004
0.219
0.312
0.016
0.337
0.094
0.084
0.392
0.368
0.293
0.045
0.197
0.025
0.168
0.092
0.320
0.396
0.392
0.084
0.118
0.253
0.395
0.157
0.329
0.336
0.302
0.255
0.353
0.309
0.065
0.364
0.265
0.238
0.086
0.353
0.230
0.033
0.080
0.032
0.065
0.184
0.061
0.319
0.222
0.291
0.039
0.091
0.195
0.342
0.153
0.011
0.384
0.368
0.002
0.307
0.131
0.341
0.090
0.143
0.072
0.347
0.058
0.338
0.348
0.331
0.382
0.324
0.019
0.272
0.249
0.112
0.077
0.267
0.067
0.263
0.002
0.074
0.074
0.125
0.387
0.340
0.306
0.030
0.208
0.305
0.370
0.007
0.140
0.096
0.092
0.038
0.003
0.365
0.171
0.132
0.269
0.318
0.147
0.128
0.342
0.013
0.161
0.001
0.377
0.025
0.007
0.133
0.002
0.240
0.101
0.023
0.054
0.278
0.309
0.187
0.180
0.375
0.309
0.006
0.027
0.006
0.330
0.134
0.085
0.255
0.177
0.232
0.018
0.002
0.245
0.003
0.127
0.041
0.006
0.031
0.195
0.272
0.146
0.293
0.065
0.162
0.001
0.324
0.262
0.014
0.062
0.012
0.191
0.104
0.025
0.035
0.204
0.371
0.123
0.093
0.037
0.027
0.121
0.192
0.090
0.214
0.282
0.077
0.295
0.381
0.244
0.019
0.353
0.263
0.020
0.059
0.004
0.078
0.314
0.278
0.375
0.058
0.107
0.176
0.305
0.145
0.274
0.270
0.307
0.271
0.154
0.046
0.100
0.100
0.226
0.061
0.056
0.001
0.005
0.181
0.187
0.181
0.194
0.032
0.339
0.001
0.375
0.037
0.317
0.133
0.002
0.018
0.005
0.128
0.335
0.316
0.016
0.330
0.125
0.283
0.263
0.012
0.001
0.370
